2 1
3
4 4 4
leakyRelu leakyRelu leakyRelu
linear
100
1000
126 138 264
582 134 716
337 667 1004
550 992 1542
248 103 351
991 466 1457
284 675 959
464 224 688
955 423 1378
985 768 1753
776 200 976
117 440 557
125 870 995
69 308 377
162 285 447
727 111 838
688 380 1068
77 853 930
569 411 980
844 539 1383
219 818 1037
435 672 1107
394 103 497
965 608 1573
835 586 1421
411 950 1361
774 304 1078
946 811 1757
510 341 851
767 619 1386
15 305 320
489 707 1196
527 161 688
969 674 1643
89 704 793
859 170 1029
73 535 608
971 161 1132
645 351 996
969 41 1010
64 929 993
2 519 521
594 251 845
485 79 564
1000 86 1086
385 152 537
57 7 64
660 395 1055
165 813 978
842 322 1164
32 941 973
147 590 737
445 902 1347
18 46 64
999 224 1223
501 98 599
228 711 939
310 354 664
649 663 1312
839 348 1187
227 820 1047
431 936 1367
680 373 1053
242 770 1012
603 100 703
267 303 570
153 25 178
133 542 675
583 959 1542
45 382 427
159 443 602
322 91 413
36 124 160
326 527 853
913 458 1371
89 946 1035
419 738 1157
897 6 903
184 949 1133
202 336 538
465 940 1405
102 326 428
488 532 1020
663 63 726
812 513 1325
592 920 1512
982 336 1318
508 937 1445
538 378 916
648 620 1268
319 794 1113
288 641 929
877 125 1002
830 363 1193
532 478 1010
417 772 1189
571 58 629
458 348 806
8 626 634
905 557 1462
252 559 811
631 197 828
106 657 763
991 313 1304
858 86 944
227 459 686
425 582 1007
908 513 1421
883 126 1009
102 978 1080
210 188 398
880 272 1152
133 185 318
76 565 641
419 697 1116
959 25 984
102 690 792
838 386 1224
539 641 1180
879 452 1331
832 665 1497
485 768 1253
644 142 786
726 274 1000
2 708 710
663 19 682
224 203 427
897 848 1745
82 974 1056
904 477 1381
816 519 1335
476 771 1247
32 813 845
394 34 428
708 106 814
727 275 1002
945 731 1676
11 883 894
363 546 909
880 735 1615
197 4 201
506 887 1393
106 352 458
465 262 727
937 926 1863
452 765 1217
512 905 1417
821 958 1779
965 539 1504
433 306 739
334 84 418
678 574 1252
120 454 574
344 669 1013
115 949 1064
988 329 1317
674 898 1572
145 155 300
80 213 293
510 388 898
573 953 1526
163 314 477
601 37 638
685 95 780
147 269 416
702 854 1556
401 418 819
985 18 1003
193 732 925
161 125 286
527 994 1521
551 8 559
282 415 697
478 949 1427
415 50 465
917 881 1798
314 481 795
461 817 1278
405 993 1398
283 171 454
307 765 1072
150 90 240
134 790 924
88 943 1031
541 523 1064
639 753 1392
484 816 1300
875 113 988
171 980 1151
426 446 872
368 833 1201
275 952 1227
939 324 1263
534 54 588
805 392 1197
669 506 1175
93 818 911
197 367 564
864 792 1656
502 281 783
654 82 736
235 237 472
7 601 608
180 626 806
385 965 1350
299 585 884
54 625 679
193 825 1018
869 578 1447
933 250 1183
659 338 997
342 547 889
623 977 1600
496 115 611
665 214 879
46 468 514
940 0 940
347 683 1030
612 503 1115
364 50 414
354 696 1050
577 81 658
983 582 1565
643 408 1051
333 790 1123
849 853 1702
585 187 772
497 245 742
375 72 447
260 645 905
808 385 1193
949 627 1576
374 476 850
454 42 496
278 357 635
873 645 1518
115 998 1113
675 906 1581
940 614 1554
822 301 1123
325 498 823
34 708 742
614 131 745
656 318 974
610 896 1506
764 601 1365
360 683 1043
772 248 1020
591 346 937
664 511 1175
571 73 644
227 811 1038
955 100 1055
967 134 1101
827 855 1682
366 696 1062
177 841 1018
211 197 408
981 774 1755
942 910 1852
275 414 689
568 320 888
674 570 1244
433 613 1046
429 674 1103
448 757 1205
377 762 1139
241 897 1138
860 342 1202
64 844 908
388 176 564
740 661 1401
486 92 578
977 611 1588
877 123 1000
898 23 921
821 799 1620
665 531 1196
853 336 1189
115 897 1012
467 999 1466
817 535 1352
496 259 755
164 741 905
289 920 1209
117 149 266
930 148 1078
854 178 1032
856 410 1266
733 862 1595
373 151 524
969 11 980
193 783 976
187 497 684
880 455 1335
186 213 399
263 178 441
114 229 343
430 100 530
188 74 262
224 272 496
926 3 929
847 337 1184
140 885 1025
972 155 1127
989 761 1750
861 611 1472
937 100 1037
529 812 1341
32 710 742
494 164 658
592 209 801
806 771 1577
786 306 1092
65 719 784
468 249 717
510 650 1160
478 6 484
544 539 1083
223 446 669
18 284 302
835 750 1585
334 802 1136
668 667 1335
206 27 233
87 301 388
581 400 981
439 191 630
846 34 880
930 263 1193
908 729 1637
808 463 1271
307 1000 1307
249 211 460
847 842 1689
95 723 818
989 391 1380
405 38 443
93 172 265
961 538 1499
621 144 765
735 506 1241
585 844 1429
169 639 808
76 243 319
460 805 1265
628 870 1498
219 234 453
636 268 904
699 773 1472
624 5 629
32 994 1026
37 596 633
177 428 605
554 377 931
273 85 358
383 893 1276
267 157 424
682 290 972
230 674 904
366 788 1154
308 478 786
738 49 787
943 382 1325
307 373 680
989 690 1679
985 759 1744
500 622 1122
449 939 1388
304 655 959
512 432 944
977 144 1121
880 857 1737
993 639 1632
286 158 444
149 889 1038
824 671 1495
801 201 1002
289 325 614
279 304 583
45 884 929
847 732 1579
388 330 718
110 912 1022
449 553 1002
704 810 1514
855 866 1721
644 259 903
92 374 466
13 483 496
844 858 1702
28 348 376
943 333 1276
186 48 234
617 43 660
355 166 521
66 216 282
191 901 1092
813 40 853
881 43 924
94 55 149
431 792 1223
5 776 781
414 962 1376
746 604 1350
430 148 578
465 597 1062
665 594 1259
84 779 863
118 898 1016
265 930 1195
756 236 992
779 720 1499
355 862 1217
899 687 1586
295 719 1014
742 939 1681
797 285 1082
884 550 1434
402 658 1060
218 469 687
804 172 976
6 949 955
268 641 909
180 33 213
854 902 1756
10 811 821
238 580 818
685 252 937
494 73 567
524 204 728
958 30 988
1 937 938
606 887 1493
965 824 1789
741 555 1296
301 596 897
16 937 953
254 868 1122
426 703 1129
616 894 1510
907 128 1035
511 826 1337
667 778 1445
22 639 661
699 309 1008
541 356 897
398 714 1112
991 639 1630
854 613 1467
380 24 404
666 338 1004
608 136 744
648 839 1487
856 829 1685
166 604 770
357 939 1296
940 303 1243
30 439 469
671 771 1442
754 141 895
236 684 920
824 703 1527
679 282 961
119 631 750
214 786 1000
122 292 414
115 878 993
89 487 576
248 2 250
69 764 833
597 655 1252
623 759 1382
548 657 1205
122 250 372
891 677 1568
158 678 836
217 276 493
678 555 1233
10 986 996
517 416 933
178 509 687
10 591 601
495 710 1205
540 340 880
350 809 1159
60 775 835
710 369 1079
542 43 585
785 781 1566
16 760 776
974 116 1090
518 959 1477
879 469 1348
937 39 976
478 805 1283
762 447 1209
504 740 1244
656 49 705
409 943 1352
447 595 1042
729 600 1329
494 300 794
855 695 1550
77 697 774
645 369 1014
370 623 993
929 545 1474
165 495 660
486 852 1338
58 89 147
181 902 1083
706 38 744
976 399 1375
447 893 1340
111 228 339
548 18 566
940 186 1126
923 761 1684
309 94 403
696 478 1174
100 405 505
800 699 1499
918 309 1227
708 563 1271
696 9 705
211 420 631
542 972 1514
13 194 207
251 600 851
694 653 1347
80 47 127
329 543 872
268 318 586
939 514 1453
927 948 1875
457 735 1192
519 459 978
47 40 87
731 591 1322
606 484 1090
534 383 917
820 19 839
534 901 1435
750 610 1360
868 394 1262
599 9 608
619 553 1172
259 529 788
313 445 758
589 726 1315
469 90 559
42 461 503
784 454 1238
238 578 816
411 903 1314
109 609 718
79 977 1056
745 171 916
124 398 522
819 548 1367
874 941 1815
876 645 1521
705 606 1311
102 621 723
791 215 1006
792 15 807
18 953 971
726 390 1116
262 134 396
394 558 952
733 755 1488
545 435 980
623 535 1158
571 64 635
136 727 863
654 607 1261
99 622 721
315 417 732
258 606 864
606 232 838
720 883 1603
696 518 1214
966 59 1025
317 711 1028
148 108 256
106 553 659
793 642 1435
815 502 1317
144 772 916
913 491 1404
643 371 1014
72 692 764
934 831 1765
557 69 626
967 746 1713
234 747 981
344 398 742
224 242 466
396 557 953
173 966 1139
928 230 1158
932 398 1330
42 820 862
480 112 592
532 571 1103
445 631 1076
330 576 906
419 935 1354
193 85 278
694 383 1077
734 330 1064
334 459 793
105 476 581
788 536 1324
632 190 822
243 593 836
322 286 608
199 506 705
148 234 382
721 944 1665
294 336 630
302 647 949
879 843 1722
891 428 1319
359 858 1217
156 155 311
627 86 713
139 321 460
318 365 683
905 283 1188
31 361 392
337 121 458
813 948 1761
189 35 224
20 182 202
155 712 867
797 758 1555
497 229 726
751 124 875
824 537 1361
677 554 1231
424 977 1401
43 228 271
48 730 778
16 515 531
988 544 1532
37 722 759
215 499 714
432 770 1202
27 510 537
684 562 1246
319 962 1281
562 757 1319
390 851 1241
566 920 1486
440 100 540
290 920 1210
258 127 385
846 365 1211
497 134 631
696 754 1450
734 992 1726
896 990 1886
151 7 158
941 28 969
99 594 693
984 738 1722
254 989 1243
561 25 586
92 185 277
283 211 494
962 509 1471
910 498 1408
636 787 1423
878 553 1431
109 191 300
243 882 1125
678 922 1600
82 54 136
732 769 1501
38 697 735
28 828 856
872 658 1530
574 178 752
159 460 619
77 104 181
885 276 1161
783 425 1208
516 194 710
406 56 462
604 703 1307
281 685 966
392 868 1260
716 176 892
211 842 1053
369 432 801
21 809 830
680 689 1369
309 517 826
741 289 1030
319 92 411
753 547 1300
826 805 1631
552 130 682
584 109 693
371 160 531
302 310 612
533 239 772
947 914 1861
328 254 582
457 438 895
611 299 910
826 392 1218
162 45 207
678 86 764
914 312 1226
235 773 1008
500 903 1403
884 272 1156
198 201 399
300 632 932
231 512 743
401 707 1108
697 218 915
945 702 1647
754 209 963
45 229 274
303 204 507
813 256 1069
536 194 730
592 694 1286
147 524 671
726 687 1413
88 813 901
241 709 950
380 595 975
774 680 1454
519 666 1185
109 350 459
906 778 1684
156 954 1110
380 445 825
140 78 218
914 497 1411
383 953 1336
619 922 1541
231 468 699
163 149 312
458 967 1425
287 971 1258
682 645 1327
126 396 522
698 989 1687
585 652 1237
301 737 1038
153 198 351
282 361 643
864 284 1148
285 451 736
819 581 1400
336 415 751
687 913 1600
391 765 1156
736 550 1286
959 227 1186
974 91 1065
694 56 750
939 663 1602
194 348 542
609 905 1514
356 582 938
744 814 1558
547 434 981
127 981 1108
828 7 835
860 363 1223
970 652 1622
889 915 1804
966 7 973
70 474 544
782 387 1169
369 384 753
322 161 483
909 852 1761
436 758 1194
617 98 715
30 761 791
860 494 1354
793 32 825
129 572 701
58 465 523
266 381 647
949 524 1473
13 439 452
825 121 946
880 931 1811
321 96 417
866 532 1398
406 541 947
949 757 1706
612 209 821
518 668 1186
334 476 810
624 613 1237
776 141 917
623 606 1229
146 326 472
129 609 738
44 518 562
186 347 533
670 442 1112
406 928 1334
668 180 848
455 327 782
196 888 1084
350 362 712
841 761 1602
592 669 1261
200 296 496
327 17 344
786 625 1411
434 828 1262
33 266 299
59 227 286
474 172 646
626 170 796
165 58 223
749 304 1053
114 394 508
846 94 940
243 404 647
836 976 1812
650 743 1393
768 822 1590
347 262 609
584 165 749
707 206 913
57 810 867
51 73 124
430 104 534
175 387 562
148 544 692
14 465 479
578 464 1042
660 961 1621
812 1 813
640 405 1045
62 858 920
629 213 842
277 801 1078
714 557 1271
286 118 404
887 10 897
790 563 1353
318 266 584
917 7 924
739 747 1486
714 555 1269
1000 361 1361
232 516 748
750 144 894
73 143 216
952 561 1513
501 905 1406
445 296 741
632 929 1561
277 380 657
485 36 521
914 554 1468
109 665 774
849 7 856
152 966 1118
52 653 705
34 500 534
472 490 962
1 266 267
76 814 890
723 155 878
230 324 554
6 290 296
733 822 1555
182 206 388
513 500 1013
455 8 463
229 644 873
319 638 957
570 439 1009
164 92 256
708 987 1695
320 269 589
961 44 1005
19 177 196
761 878 1639
283 784 1067
645 399 1044
601 37 638
50 303 353
636 692 1328
423 461 884
802 373 1175
390 350 740
244 870 1114
418 123 541
107 553 660
450 124 574
609 61 670
397 42 439
479 40 519
882 335 1217
950 927 1877
563 399 962
278 508 786
818 972 1790
114 620 734
61 873 934
635 539 1174
222 216 438
510 828 1338
697 407 1104
328 935 1263
471 370 841
609 826 1435
722 350 1072
341 173 514
710 341 1051
496 684 1180
200 750 950
467 222 689
566 948 1514
173 367 540
65 258 323
317 876 1193
792 151 943
12 282 294
980 736 1716
436 545 981
519 459 978
155 920 1075
474 574 1048
426 284 710
788 160 948
885 449 1334
568 188 756
674 575 1249
811 199 1010
603 328 931
39 827 866
95 178 273
771 185 956
946 223 1169
325 682 1007
974 259 1233
919 434 1353
844 158 1002
285 851 1136
965 569 1534
172 732 904
698 534 1232
804 249 1053
70 802 872
140 195 335
886 985 1871
799 100 899
501 922 1423
606 79 685
965 860 1825
100 426 526
988 598 1586
881 172 1053
135 878 1013
545 941 1486
330 99 429
419 844 1263
564 109 673
235 904 1139
265 921 1186
741 58 799
914 733 1647
510 402 912
608 430 1038
830 373 1203
37 580 617
215 318 533
612 603 1215
105 929 1034
408 257 665
528 411 939
163 187 350
327 3 330
365 977 1342
159 955 1114
770 556 1326
672 136 808
274 862 1136
975 800 1775
684 635 1319
919 448 1367
367 627 994
608 711 1319
